Academias varias Privadas
0 50 10,00 51 100 15,00 101 200 20,00 201 ♾ 50,00
Colegios Privados
0 50 20,00 51 100 30,00 101 200 40,00 201 ♾ 150,00
Prescolar, Guarderías infantiles 
Privadas
0 50 10,00 51 100 15,00 101 200 20,00 201 ♾ 50,00
Parques temáticos
0 50 50,00 51 100 100,00 101 200 150,00 201 ♾ 350,00
Agencia bancaria
0 50 30,00 51 100 55,00 101 200 60,00 201 ♾ 90,00
Casa de cambio
0 50 30,00 51 100 55,00 101 200 60,00 201 ♾ 90,00
Seguros
0 50 30,00 51 100 55,00 101 200 60,00 201 ♾ 90,00
Inversora
0 50 30,00 51 100 55,00 101 200 60,00 201 ♾ 90,00
Centro comercial
0 50 228,00 51 100 400,00 101 200 500,00 201 ♾ 800,00
Clínica
0 50 50,00 51 100 60,00 101 200 100,00 201 ♾ 150,00
Consultorio veterinario
0 50 15,00 51 100 15,00 101 200 20,00 201 ♾ 40,00
Consultorios
0 50 15,00 51 100 20,00 101 200 25,00 201 ♾ 50,00
Consultorio dental
0 50 20,00 51 100 20,00 101 200 25,00 201 ♾ 40,00
Laboratorio clínico
0 50 35,00 51 100 45,00 101 200 50,00 201 ♾ 60,00
Lavado de moto
0 50 10,00 51 100 15,00 101 200 20,00 201 ♾ 25,00
Autolavado
0 50 15,00 51 100 26,00 101 200 29,00 201 ♾ 50,00
Tapicería
0 50 20,00 51 100 25,00 101 200 30,00 201 ♾ 40,00
Electroauto
0 50 10,00 51 100 15,00 101 200 20,00 201 ♾ 25,00
Estación de servicio
0 50 20,00 51 100 25,00 101 200 30,00 201 ♾ 45,00
Reencauchadora
0 50 10,00 51 100 15,00 101 200 20,00 201 ♾ 45,00
Taller de latonería y pintura
0 50 15,00 51 100 20,00 101 200 25,00 201 ♾ 30,00
Taller de toldos
0 50 10,00 51 100 15,00 101 200 20,00 201 ♾ 30,00
Taller mecánico
0 20 20,00 51 100 25,00 101 200 30,00 201 ♾ 50,00
Arepera
0 50 20,00 51 100 30,00 101 200 50,00 201 ♾ 80,00
Bar-restaurant
0 50 30,00 51 100 50,00 101 200 80,00 201 ♾ 150,00
Bar
0 50 20,00 51 100 40,00 101 200 60,00 201 ♾ 80,00
Discoteca o Sala de fiesta
0 50 20,00 51 100 40,00 101 200 50,00 201 ♾ 60,00
Cafetería
0 50 10,00 51 100 15,00 101 200 25,00 201 ♾ 30,00
Fuente de soda, luncheria, pizzería, venta comida rápida
0 50 15,00 51 100 30,00 101 200 40,00 201 ♾ 60,00
Heladería
0 50 10,00 51 100 15,00 101 200 25,00 201 ♾ 30,00
Panadería
0 50 20,00 51 100 30,00 101 200 50,00 201 ♾ 100,00
Pastelería
0 50 20,00 51 100 25,00 101 200 30,00 201 ♾ 40,00
Pollera
0 50 30,00 51 100 40,00 101 200 80,00 201 ♾ 120,00
Restaurant
0 50 30,00 51 100 50,00 101 200 80,00 201 ♾ 120,00
Discoteca
0 50 20,00 51 100 40,00 101 200 60,00 201 ♾ 90,00
Abastos
0 50 20,00 51 100 30,00 101 200 40,00 201 ♾ 60,00
Automercado (Hipermercado)
0 50 50,00 51 100 150,00 101 200 300,00 201 ♾ 700,00
Bodegas
0 50 10,00 51 100 15,00 101 200 25,00 201 ♾ 30,00
Charcutería
0 50 20,00 51 100 30,00 101 200 40,00 201 ♾ 60,00
Carnicería
0 50 25,00 51 100 35,00 101 200 50,00 201 ♾ 70,00
Frigorífico
0 50 20,00 51 100 30,00 101 200 50,00 201 ♾ 60,00
Frutería
0 50 15,00 51 100 25,00 101 200 40,00 201 ♾ 60,00
Pescadería
0 50 20,00 51 100 30,00 101 200 40,00 201 ♾ 60,00
Puesto de mercado, Venta ambulante
0 10 10,00 11 20 15,00 21 100 20,00 201 ♾ 25,00
Supermercados y Bodegones
0 50 30,00 51 100 70,00 101 200 120,00 201 ♾ 180,00
Gimnasio
0 50 5,00 51 100 10,00 101 200 15,00 201 ♾ 20,00
Embarcadero y marina
0 50 30,00 51 100 70,00 101 200 140,00 201 ♾ 200,00
Posadas 
0 50 20,00 51 100 40,00 101 200 80,00 201 ♾ 110,00
Club nocturno 
0 50 30,00 51 100 40,00 101 200 80,00 201 ♾ 100,00
Club Deportivo
0 50 20,00 51 100 40,00 101 200 50,00 201 ♾ 60,00
Club Social
0 50 20,00 51 100 40,00 101 200 50,00 201 ♾ 60,00
Hotel 1 estrella
0 50 20,00 51 100 40,00 101 200 70,00 201 ♾ 100,00
Hotel 2 estrellas
0 50 30,00 51 100 60,00 101 200 80,00 201 ♾ 120,00
Hotel 3 estrellas
0 50 40,00 51 100 80,00 101 200 120,00 201 ♾ 160,00
Hotel 4 estrellas
0 50 60,00 51 100 100,00 0 200 140,00 201 ♾ 180,00
Hotel 5 estrellas
0 50 80,00 51 100 120,00 101 200 160,00 201 ♾ 220,00
Aserradero
0 50 20,00 51 100 35,00 101 200 40,00 201 ♾ 50,00
Carpintería
0 50 10,00 51 100 15,00 101 200 20,00 201 ♾ 25,00
Concretera
0 50 25,00 51 100 35,00 101 200 45,00 201 ♾ 55,00
Cría de animales
0 50 10,00 51 100 20,00 101 200 25,00 201 ♾ 35,00
Droguería
0 50 40,00 51 100 80,00 101 200 120,00 201 ♾ 260,00
Embotelladora
0 50 10,00 51 100 15,00 101 200 20,00 201 ♾ 25,00
Granja
0 50 20,00 51 100 30,00 101 200 40,00 201 ♾ 50,00
Mantenimiento y/o aire acondicionado
0 50 10,00 51 100 15,00 101 200 20,00 201 ♾ 25,00
Marquetería
0 50 10,00 51 100 15,00 101 200 20,00 201 ♾ 25,00
Mueblería
0 50 20,00 51 100 30,00 101 200 40,00 201 ♾ 60,00
Rectificadora de gas
0 50 10,00 51 100 15,00 101 200 20,00 201 ♾ 25,00
Taller de confección
0 50 10,00 51 100 15,00 101 200 20,00 201 ♾ 25,00
Taller de grabado
0 50 10,00 51 100 15,00 101 200 20,00 201 ♾ 25,00
Taller de herrería
0 50 10,00 51 100 15,00 101 200 20,00 201 ♾ 25,00
Taller de lancha 
0 50 10,00 51 100 30,00 101 200 50,00 201 ♾ 70,00
Tapicería
0 50 10,00 51 100 15,00 101 200 20,00 201 ♾ 25,00
Tornería
0 50 10,00 51 100 15,00 101 200 20,00 201 ♾ 25,00
Trituradora de materiales
0 50 10,00 51 100 15,00 101 200 20,00 201 ♾ 25,00
Fábrica de botones
0 50 30,00 51 100 50,00 101 200 70,00 201 ♾ 90,00
Fábrica de calzado
0 50 30,00 51 100 50,00 101 200 70,00 201 ♾ 90,00
Fábrica de cartón
0 50 30,00 51 100 50,00 101 200 70,00 201 ♾ 90,00
Fábrica de cerámica
0 50 30,00 51 100 50,00 101 200 70,00 201 ♾ 90,00
Fábrica de hielo
0 50 30,00 51 100 50,00 101 200 70,00 201 ♾ 90,00
Fábrica de lámparas
0 50 30,00 51 100 50,00 101 200 70,00 201 ♾ 90,00
Fábrica de persianas
0 50 30,00 51 100 50,00 101 200 70,00 201 ♾ 90,00
Fábrica de tapas
0 50 30,00 51 100 50,00 101 200 70,00 201 ♾ 90,00
Industria alimenticia
0 50 100,00 51 100 200,00 101 200 300,00 201 ♾ 400,00
Industria Cervecera
0 50 80,00 51 100 160,00 101 200 210,00 201 ♾ 300,00
Industria del calzado
0 50 30,00 51 100 50,00 101 200 70,00 201 ♾ 90,00
Industria del mueble
0 50 30,00 51 100 50,00 101 200 70,00 201 ♾ 90,00
Industria del plástico
0 50 30,00 51 100 50,00 101 200 70,00 201 ♾ 90,00
Industria metalúrgica
0 50 30,00 51 100 50,00 101 200 70,00 201 ♾ 90,00
Industria química
0 50 30,00 51 100 50,00 101 200 70,00 201 ♾ 90,00
Industria textil
0 50 30,00 51 100 50,00 101 200 70,00 201 ♾ 90,00
Fábrica de ropa
0 50 30,00 51 100 50,00 101 200 70,00 201 ♾ 90,00
Almacén
0 50 10,00 51 100 15,00 101 200 20,00 201 ♾ 30,00
Boutique
0 50 10,00 51 100 15,00 101 200 20,00 201 ♾ 30,00
Chivera
0 50 10,00 51 100 15,00 101 200 20,00 201 ♾ 30,00
Cerrajería
0 50 10,00 51 100 10,00 101 200 15,00 201 ♾ 20,00
Comercio de mercancía seca
0 50 10,00 51 100 15,00 101 200 25,00 201 ♾ 35,00
Confitería
0 50 10,00 51 100 15,00 101 200 25,00 201 ♾ 35,00
Cristalería
0 50 10,00 51 100 15,00 101 200 25,00 201 ♾ 35,00
Deposito
0 50 10,00 51 100 15,00 101 200 20,00 201 ♾ 25,00
Distribuidoras
0 50 20,00 51 100 40,00 101 200 70,00 201 ♾ 100,00
Distribuidora de pintura
0 50 20,00 51 100 30,00 101 200 60,00 201 ♾ 80,00
Distribuidora de gas
0 50 10,00 51 100 20,00 101 200 40,00 201 ♾ 60,00
Farmacia
0 50 20,00 51 100 40,00 101 200 70,00 201 ♾ 100,00
Ferretería
0 50 20,00 51 100 25,00 101 200 30,00 201 ♾ 50,00
Floristería
0 50 10,00 51 100 15,00 101 200 20,00 201 ♾ 25,00
Instrumentos de precisión
0 50 10,00 51 100 15,00 101 200 20,00 201 ♾ 25,00
Joyería
0 50 10,00 51 100 15,00 101 200 20,00 201 ♾ 25,00
Juguetería
0 50 10,00 51 100 15,00 101 200 20,00 201 ♾ 25,00
Kiosco
0 50 10,00 51 100 15,00 101 200 20,00 201 ♾ 25,00
Librería
0 50 15,00 51 100 20,00 101 200 25,00 201 ♾ 30,00
Licorería
0 50 20,00 51 100 25,00 101 200 35,00 201 ♾ 40,00
Óptica
0 50 10,00 51 100 15,00 101 200 20,00 201 ♾ 25,00
Perfumería
0 50 10,00 51 100 15,00 101 200 20,00 201 ♾ 25,00
Quincalla
0 50 10,00 51 100 15,00 101 200 20,00 201 ♾ 25,00
Receptoría de ropa
0 50 10,00 51 100 15,00 101 200 20,00 201 ♾ 25,00
Suministros industriales
0 50 10,00 51 100 15,00 101 200 20,00 201 ♾ 25,00
Venta de alimentos dietéticos
0 50 10,00 51 100 15,00 101 200 20,00 201 ♾ 25,00
Venta de artefactos ortopédicos
0 50 10,00 51 100 15,00 101 200 20,00 201 ♾ 25,00
Venta de equipos de computación
0 50 10,00 51 100 15,00 101 200 20,00 201 ♾ 25,00
Venta equipos médicos
0 50 10,00 51 100 15,00 101 200 20,00 201 ♾ 25,00
Venta equipos oficina
0 50 10,00 51 100 15,00 101 200 20,00 201 ♾ 25,00
Venta de espejos
0 50 10,00 51 100 15,00 101 200 20,00 201 ♾ 25,00
Venta de maquinarias
0 50 10,00 51 100 15,00 101 200 20,00 201 ♾ 25,00
Venta de materiales eléctricos
0 50 10,00 51 100 15,00 101 200 20,00 201 ♾ 25,00
Venta de repuestos
0 50 20,00 51 100 15,00 101 200 20,00 201 ♾ 25,00
Venta de ropa
0 50 10,00 51 100 15,00 101 200 20,00 201 ♾ 25,00
Venta de vehículos
0 50 10,00 51 100 15,00 101 200 20,00 201 ♾ 25,00
Vivero
0 50 10,00 51 100 15,00 101 200 20,00 201 ♾ 25,00
Zapatería
0 50 10,00 51 100 15,00 101 200 20,00 201 ♾ 25,00
Salón de video
0 50 10,00 51 100 15,00 101 200 20,00 201 ♾ 25,00
Venta alimentos animales
0 50 10,00 51 100 15,00 101 200 20,00 201 ♾ 25,00
Venta bicicletas
0 50 10,00 51 100 15,00 101 200 20,00 201 ♾ 25,00
Venta de materiales construcción
0 50 10,00 51 100 15,00 101 200 20,00 201 ♾ 25,00
Administradoras
0 50 10,00 51 100 15,00 101 200 20,00 201 ♾ 25,00
Oficinas
0 50 10,00 51 100 15,00 101 200 20,00 201 ♾ 25,00
Agencia festejos
0 50 10,00 51 100 15,00 101 200 20,00 201 ♾ 25,00
Agencia lotería
0 50 10,00 51 100 15,00 101 200 20,00 201 ♾ 25,00
Agencia de viajes
0 50 10,00 51 100 15,00 101 200 20,00 201 ♾ 25,00
Agencia publicitaria
0 50 10,00 51 100 15,00 101 200 20,00 201 ♾ 25,00
Alquiler de vehículo
0 50 10,00 51 100 15,00 101 200 20,00 201 ♾ 25,00
Artes graficas
0 50 10,00 51 100 15,00 101 200 20,00 201 ♾ 25,00
Aviso/valla
0 50 10,00 51 100 15,00 101 200 20,00 201 ♾ 25,00
Barberia
0 50 10,00 51 100 15,00 101 200 20,00 201 ♾ 25,00
Editorial
0 50 10,00 51 100 15,00 101 200 20,00 201 ♾ 25,00
Emisora de radio
0 50 10,00 51 100 15,00 101 200 20,00 201 ♾ 25,00
Emisora de televisión
0 50 10,00 51 100 15,00 101 200 20,00 201 ♾ 25,00
Ensayos musicales
0 50 10,00 51 100 15,00 101 200 20,00 201 ♾ 25,00
Estacionamiento
0 50 10,00 51 100 15,00 101 200 20,00 201 ♾ 25,00
Estudio de grabación
0 50 10,00 51 100 15,00 101 200 20,00 201 ♾ 25,00
Estudio fotográfico
0 50 10,00 51 100 15,00 101 200 20,00 201 ♾ 25,00
Fotocopiadoras
0 50 10,00 51 100 15,00 101 200 20,00 201 ♾ 25,00
Funeraria
0 50 10,00 51 100 15,00 101 200 20,00 201 ♾ 25,00
Gestoría
0 50 10,00 51 100 15,00 101 200 20,00 201 ♾ 25,00
Hilo musical
0 50 10,00 51 100 15,00 101 200 20,00 201 ♾ 25,00
Imprenta
0 50 10,00 51 100 15,00 101 200 20,00 201 ♾ 25,00
Lavado de alfombras
0 50 10,00 51 100 15,00 101 200 20,00 201 ♾ 25,00
Lavandería
0 50 10,00 51 100 15,00 101 200 20,00 201 ♾ 25,00
Tintorería
0 50 10,00 51 100 15,00 101 200 20,00 201 ♾ 25,00
Litografía
0 50 10,00 51 100 15,00 101 200 20,00 201 ♾ 25,00
Peluquería
0 50 10,00 51 100 15,00 101 200 20,00 201 ♾ 25,00
Sastrería
0 50 10,00 51 100 15,00 101 200 20,00 201 ♾ 25,00
Servicio de transporte
0 50 10,00 51 100 15,00 101 200 20,00 201 ♾ 25,00
Servicios técnicos
0 50 10,00 51 100 15,00 101 200 20,00 201 ♾ 25,00
Taller de electrónicos
0 50 10,00 51 100 15,00 101 200 20,00 201 ♾ 25,00
Taller de plomería
0 50 10,00 51 100 15,00 101 200 20,00 201 ♾ 25,00
Taller de refrigeración
0 50 10,00 51 100 15,00 101 200 20,00 201 ♾ 25,00
Taller de televisión
0 50 10,00 51 100 15,00 101 200 20,00 201 ♾ 25,00
Tarjetería
0 50 10,00 51 100 15,00 101 200 20,00 201 ♾ 25,00
Cine, Sala de espectáculos, de exposición, de reuniones
0 50 10,00 51 100 15,00 101 200 20,00 201 ♾ 25,00
Salón de billar
0 50 10,00 51 100 15,00 101 200 20,00 201 ♾ 25,00
Construcciones
0 50 10,00 51 100 15,00 101 200 20,00 201 ♾ 25,00
Inmueble desocupado (vacío)
0 50 10,00 51 100 15,00 101 200 20,00 201 ♾ 25,00
Remodelaciones
0 50 10,00 51 100 15,00 101 200 20,00 201 ♾ 25,00
Terreno sin uso
0 50 10,00 51 100 15,00 101 200 20,00 201 ♾ 25,00
Empresas de servicio publico
0 50 10,00 51 100 15,00 101 200 20,00 201 ♾ 25,00
Servicio de electricidad
0 50 10,00 51 100 15,00 101 200 20,00 201 ♾ 25,00
Otras actividades económicas
0 50 15,00 51 100 30,00 101 200 60,00 201 ♾ 80,00
